1 5 6 14 2 9 19 31
2 9 31 30
3 4 31 30
4
5 4 9 19 31
6 4 31
7 1 6 10 2 19
8 1 2 4 19 31 30
9
10 19
11 16 1 15 5 10 14 9 19 31
12 11 24 17 15 6 10 9 30
13 24 5 6 10 14 2 4 19 30
14 4 9 19 30
15 5 10 14 3 4 19 31 30
16 5 10 14 3 19 31 30
17 15 10 14 2 3 4 9 19
18 25 27 21 23 24 17 16 1 29 5 4 31 30
19
20 16 1 29 6 14 19
21 23 11 8 24 20 17 16 1 29 6 3 19 31
22 11 8 24 20 17 1 15 10 14 2 3 9 31 30
23 1 29 5 3 19 31
24 1 15 10 14 19 30
25 22 12 13 7 16 1 29 2 3 30
26 22 13 28 23 11 7 8 24 17 16 29 15 5 6 14 4 19 31 30
27 7 8 20 5 3 4 19 30
28 23 11 7 17 1 5 6 10 14 2 9 19 31 30
29 6 10 14 30
30
31
