1 29 45 50 19 16 55 43 32 54 5 33 3 56 47 53
2 35 38 6 36 46 40 39 45 4 15 19 14 16 27 22 44 43 54 5 9 33 53
3
4 14 27 17 55 21 42 53
5 3 56 47 53
6 11 20 39 29 45 50 14 17 55 32 21 47 53
7 37 35 38 40 28 12 23 29 45 50 15 19 14 17 55 44 32 54 8 3 47 42 53
8 3 56 53
9 3 56 47 42
10 18 51 2 7 37 41 6 36 46 12 20 39 23 31 1 29 4 19 16 17 44 43 9 8 3 42 53
11 50 4 15 19 14 16 27 17 55 44 43 54 5 56 47 53
12 45 50 15 16 27 22 55 44 43 21 5 33 8 3 42 53
13 37 35 38 36 46 12 11 39 23 1 45 4 15 16 27 8 3 47 42 53
14 27 55 54 5 33 3 47 53
15 16 22 43 54 3 47
16 27 22 43 9 33 8 56 42 53
17 32 21 5 33 56 47 42
18 37 38 41 6 36 26 28 12 11 20 39 23 1 45 14 16 27 17 44 32 21 54 5 9 33 47 53
19 27 22 17 55 43 32 54 5 3 42 53
20 19 16 27 22 17 44 32 54 9 8 3 53
21 3 42 53
22 32 21 54 9 8 3 56 47 53
23 29 45 50 4 15 14 16 22 17 55 43 32 21 54 5 9 33 56 42 53
24 38 41 36 26 46 28 20 39 31 50 15 19 27 22 17 43 21 54 9 33 8 3
25 37 41 26 40 28 11 39 29 4 15 14 55 43 21 9 8 53
26 11 20 39 23 31 1 29 45 15 27 22 55 44 43 32 21 5 9 33 56 53
27 32 21 54 3 56 47 42
28 11 20 39 31 45 50 17 55 44 43 32 54 5 3 56 47 42
29 14 22 44 32 5 33 3 53
30 18 51 7 37 41 36 26 46 28 11 20 45 50 15 16 22 32 21 5 33 8 3 56 47 53
31 45 50 4 16 22 17 55 44 21 5 9 8 3 47 53
32 3 42
33 56 42
34 13 51 49 25 7 37 35 38 41 26 46 40 12 11 20 23 50 4 22 17 55 32 21 54 5 56 47
35 46 28 11 20 23 31 29 45 15 19 14 22 44 32 21 54 9 47 42 53
36 26 40 28 12 39 23 31 29 50 4 22 55 44 43 54 8 3 47 42
37 26 40 28 12 11 20 39 23 29 45 19 14 27 22 55 44 43 21 54 5 33 8 42 53
38 26 40 28 11 23 31 29 45 15 19 14 16 21 54 9 33 8 47 42 53
39 29 45 50 4 19 16 43 54 5 9 33 56 53
40 12 20 39 23 31 1 50 4 19 14 16 27 17 55 44 43 54 9 3 47 42 53
41 46 12 11 23 31 29 50 19 16 27 17 44 54 5 8 47 42 53
42
43 32 21 54 33 56 42
44 32 54 5 9 8 56 47 42 53
45 14 17 55 32 21 5 9 8 3 53
46 12 11 20 39 31 29 45 15 19 14 16 17 44 43 32 21 54 8 56
47
48 13 49 2 37 38 41 36 26 46 39 23 31 1 4 19 14 16 27 22 55 44 32 21 8 3 56 42
49 37 35 38 41 26 12 11 39 23 31 1 50 4 15 16 22 55 44 21 5 9 33 56 47 42 53
50 14 16 22 17 43 9 8 56 47 42
51 35 41 6 28 12 11 20 39 23 31 45 4 14 27 17 55 44 32 21 54 5 8 42
52 18 51 49 2 24 35 38 28 12 20 23 31 29 45 50 4 14 27 22 44 43 21 54 5 9 33 3 56 47 42 53
53
54 53
55 32 21 33 8 3 47 42 53
56
